Arcadia 		34.109103	-118.017505	800000
Azusa 			34.14266	-117.918977	100000
Brentwood 		34.046602	-118.485553	100000
Carson			33.856677	-118.271328	100000
Catalina		33.340097	-118.329697	100000
Cerritos 		33.882809	-118.104757	100000
Covina			34.054856	-117.887657	100000
HaciendaHeights		34.02527	-117.989637   	100000
Lakewood 		33.832602	-118.154567	100000
Lancaster 		34.671447	-118.122882	100000
LongBeach		33.838068	-118.195686	100000
LosAngeles		33.959608	-118.412596	100000
Norwalk 		33.906109	-118.055455	100000
Palos	 		33.757598	-118.388246	100000
Pico			34.01431	-118.064999	100000
RanchoPalosVerdes	33.73907	-118.398194	100000
RioHondo 		33.953599	-118.144547	100000
Rosemead		34.051495	-118.079102	100000
SanDimas		34.083231	-117.830588	100000
SanGabriel 		34.104506	-118.094853	100000
SantaAnita 		34.135556	-118.031506	100000
SouthGate 		33.944758	-118.182336	100000
Valencia		34.40347	-118.584904	100000
VanNuys			34.190114	-118.490163	100000
Whittier		33.984036	-118.073998	100000